0,461
0,460
0,458
0,457
41,3
41,2
41,1
41,0
40,3
40,2
40,1
40,0
39,3
39,2
39,1
39,0
38,3
38,2
38,1
38,0
37,6
37,5
37,4
37,3
37,2
37,1
37,0
0,456
36,5
36,4
36,3
36,2
36,1
36,0
0,455
0,454
0,453
0,452
35,5
35,4
35,3
35,2
35,1
35,0
34,5
34,4
34,3
34,2
34,1
34,0
0,451
33,5
33,4
33,3
33,2
33,1
33,0
0,450
0,449
0,448
0,447
0,446
0,445
32,4
32,3
32,2
32,1
32,0
31,3
31,2
31,1
31,0
0,444
30,9
0,443
30,8
30,7
0,442
0,441
30,6
30,5
30,4
0,440
0,439
0,438
0,437
30,3
30,2
30,1
30,0
29,256
29,255
29,254
29,253
29,252
29,251
29,250
29,249
29,248
29,247
29,246
29,245
29,244
29,243
29,242
29,241
29,240
29,239
29,238
29,237
29,236
29,235
29,234
29,233
29,232
29,231
29,230
29,229
29,228
29,227
29,226
29,225
29,224
29,223
29,222
29,221
29,220
29,219
29,218
29,217
29,216
29,215
29,214
29,213
29,212
29,211
29,210
29,209
29,208
29,207
29,206
29,205
29,204
29,203
29,202
29,201
29,200
29,199
29,198
29,197
29,196
29,195
29,194
29,193
29,192
29,191
29,190
29,189
29,188
29,187
29,186
29,185
29,184
29,183
29,182
29,181
29,127
29,126
29,125
29,124
29,123
29,122
29,121
29,120
29,119
29,118
29,117
29,178
29,176
29,160
29,159
29,41
29,40
29,5
29,158
29,157
29,156
29,155
29,154
29,153
29,152
29,151
29,150
29,149
29,148
29,147
29,146
29,145
29,144
29,143
29,142
29,141
29,140
29,139
29,138
29,137
29,136
29,135
29,134
29,133
29,132
29,131
29,130
29,129
29,128
29,116
29,92
29,85
29,75
29,32
29,23
29,18
29,17
29,16
29,15
29,14
29,13
29,12
29,11
29,10
29,7
29,6
29,4
29,3
29,2
29,1
29,0
28,42
28,41
28,40
28,39
28,38
28,37
28,36
28,35
28,32
28,34
28,33
28,27
28,24
28,31
28,30
28,23
28,29
28,28
28,26
28,4
28,25
28,5
28,22
28,14
28,13
28,12
28,11
28,10
28,9
28,8
28,7
28,6
28,3
28,2
28,1
28,0
27,169
27,168
27,167
27,166
27,165
27,164
27,163
27,162
27,161
27,160
27,159
27,158
27,157
27,156
27,154
27,153
27,152
27,151
27,150
27,149
27,148
27,147
27,146
27,145
27,144
27,143
27,142
27,141
27,140
27,139
27,138
27,137
27,136
27,135
27,134
27,133
27,132
27,131
27,130
27,129
27,128
27,127
27,126
27,125
27,124
27,123
27,122
27,121
27,120
27,119
27,118
27,117
27,116
27,115
27,114
27,113
27,112
27,111
27,110
27,109
27,108
27,107
27,106
27,105
27,104
27,103
27,102
27,101
27,100
27,99
27,98
27,97
27,96
27,95
27,94
27,93
27,92
27,91
27,90
27,89
27,88
27,87
27,86
27,85
27,84
27,83
27,82
27,81
27,77
27,76
27,75
27,73
27,72
27,71
27,70
27,69
27,68
27,67
27,66
27,65
27,64
27,37
27,36
27,35
27,34
27,33
27,32
27,31
27,30
27,29
27,28
27,27
27,26
27,25
27,24
27,23
27,22
27,21
27,20
27,19
27,18
27,17
27,16
27,15
27,14
27,13
27,12
27,11
27,10
27,9
27,8
27,7
27,6
27,5
27,4
27,3
27,2
27,1
27,0
0,436
26,4
26,3
26,2
26,1
26,0
25,4
25,3
25,2
25,1
25,0
2,6
24,4
24,3
24,2
24,1
24,0
23,10
23,9
23,8
23,7
23,6
23,5
23,4
23,3
23,2
23,1
23,0
22,5
22,4
22,3
22,2
22,1
22,0
21,5
21,4
21,3
21,2
21,1
21,0
20,4
20,3
20,2
20,1
20,0
19,4
19,3
19,2
19,1
19,0
18,10
18,9
18,8
18,7
18,6
18,5
18,4
18,3
18,2
18,1
18,0
17,3
17,2
17,1
17,0
14,105
14,104
14,103
14,102
14,101
14,100
14,99
14,98
14,97
14,96
14,95
14,94
14,93
14,92
14,91
14,90
14,89
14,88
14,87
14,86
14,85
14,84
14,83
14,82
14,81
14,80
14,79
14,78
14,77
14,76
14,75
14,74
14,73
14,72
14,71
14,70
14,69
14,68
14,67
14,66
14,65
14,64
14,37
14,36
14,35
14,34
14,33
14,32
14,31
14,30
14,29
14,28
14,27
14,26
14,25
14,24
14,23
14,22
14,21
14,20
14,19
14,18
14,17
14,16
14,15
14,14
14,13
14,11
14,10
14,9
14,8
14,7
14,6
0,435
0,428
0,426
0,420
0,419
0,418
0,417
0,416
0,415
0,414
0,413
0,412
0,411
0,410
0,409
0,408
0,407
0,406
0,402
0,401
0,400
0,399
0,398
0,397
0,396
0,395
0,394
0,393
0,392
0,391
0,390
0,389
0,388
0,387
0,386
0,385
0,383
0,382
0,381
0,380
0,379
0,376
0,373
0,372
0,371
0,370
0,369
0,368
0,367
0,366
0,365
0,364
0,363
0,362
0,360
0,359
0,358
0,357
0,356
0,355
0,354
0,353
0,352
0,351
0,350
0,349
0,348
0,347
0,345
0,344
0,343
0,342
0,337
0,336
0,335
2,4
16,7
16,6
16,5
16,4
16,3
16,2
16,1
16,0
0,331
0,330
15,5
15,4
15,3
15,2
15,1
15,0
0,329
0,328
14,5
14,4
14,3
14,2
14,1
14,0
13,4
13,3
13,2
13,1
13,0
0,324
12,8
12,7
12,6
12,5
12,4
12,3
12,2
12,1
12,0
11,5
11,4
11,3
11,2
11,1
11,0
10,4
10,3
10,2
10,1
10,0
0,318
0,317
9,5
9,4
9,3
9,2
9,1
9,0
0,316
8,5
8,4
8,3
8,2
8,1
8,0
7,5
7,4
7,3
7,2
7,1
7,0
6,5
6,4
6,3
6,2
6,1
6,0
5,6
5,5
5,4
5,3
5,2
5,1
5,0
4,3
4,2
4,1
4,0
3,6
3,5
3,4
3,3
3,2
3,1
3,0
2,3
2,2
2,1
2,0
1,3
1,2
1,1
1,0
0,243
0,9
0,1
0,0
0,300
0,299
0,298
0,297
0,296
0,295
0,294
0,293
0,292
0,291
0,290
0,289
0,288
0,287
0,286
0,285
0,284
0,283
0,282
0,281
0,280
0,279
0,278
0,277
0,276
0,275
0,274
0,273
0,272
0,271
0,270
0,269
0,268
0,267
0,266
0,265
0,264
0,263
0,262
0,261
0,260
0,259
0,258
0,257
0,256
0,255
0,254
0,253
0,252
0,251
0,250
0,249
0,248
0,247
0,246
0,245
0,244
0,242
0,241
0,240
0,239
0,238
0,237
0,236
0,235
0,234
0,233
0,232
0,231
0,230
0,229
0,228
0,227
0,226
0,225
0,224
0,223
0,222
0,221
0,220
0,219
0,218
0,217
0,216
0,215
0,214
0,213
0,212
0,211
0,210
0,209
0,208
0,207
0,206
0,205
0,204
0,203
0,202
0,201
0,200
0,199
0,198
0,197
0,196
0,195
0,194
0,193
0,192
0,63
0,62
0,61
0,60
0,59
0,58
0,57
0,56
0,55
0,54
0,53
0,52
0,51
0,50
0,49
0,48
0,309
0,47
0,308
0,46
0,45
0,6
0,5
0,304
0,303
0,306
0,305
0,302
0,12
0,10
0,8
0,11
0,4
0,2
0,3
0,7
